       0/9     1.68G    0.0964   0.02079   0.03825    0.1554        39       416    0.8419    0.2539     0.252    0.1182   0.05616   0.01548   0.02351
       1/9     1.67G   0.06153   0.02075   0.02304    0.1053        33       416    0.3513    0.6883    0.4851    0.1494   0.05636    0.0102   0.01259
       2/9     1.67G   0.05506   0.01608   0.01308   0.08422        40       416      0.68    0.6786    0.6968    0.2998   0.04142  0.008104  0.005947
       3/9     1.67G   0.04883    0.0135   0.00788   0.07021        32       416     0.607    0.7114    0.6886    0.2985   0.04072  0.006864  0.004338
       4/9     1.67G   0.04805   0.01248  0.006706   0.06724        27       416    0.6106    0.7473    0.7301    0.3388   0.04769   0.00621  0.004314
       5/9     1.67G    0.0443   0.01136  0.005864   0.06153        28       416    0.7491    0.8259    0.8559    0.4396   0.03179  0.005733  0.003302
       6/9     1.67G   0.03852     0.011   0.00476   0.05428        39       416    0.8437    0.8912    0.9083    0.4985   0.03284  0.005104  0.002656
       7/9     1.67G   0.03713   0.01039  0.004343   0.05186        34       416    0.9056    0.9227    0.9565    0.5208   0.03257  0.004849  0.002943
       8/9     1.67G   0.03273    0.0099  0.003849   0.04648        37       416    0.9218    0.9262     0.945    0.5639   0.02769  0.004651  0.002134
       9/9     1.67G   0.03116  0.009447  0.003757   0.04437        33       416    0.9377    0.8963    0.9319    0.6413   0.02271  0.004481    0.0022
